MSE:  1826.5364191345425
slope: [  -1.16924976 -237.18461486  518.30606657  309.04865826 -763.14121622
  458.90999325   80.62441437  174.32183366  721.49712065   79.19307944]
intercept: 153.05827988224112
